1.989000000000000000e+03
4.952000000000000000e+03
8.087000000000000000e+03
2.471000000000000000e+03
1.181300000000000000e+04
1.248900000000000000e+04
1.883300000000000000e+04
1.642000000000000000e+03
6.388000000000000000e+03
3.530000000000000000e+03
4.406000000000000000e+03
1.569500000000000000e+04
1.219200000000000000e+04
1.793300000000000000e+04
5.911000000000000000e+03
5.730000000000000000e+02
1.950300000000000000e+04
8.215000000000000000e+03
2.074400000000000000e+04
1.574600000000000000e+04
2.093300000000000000e+04
8.286000000000000000e+03
2.122200000000000000e+04
1.336800000000000000e+04
1.861100000000000000e+04
4.732000000000000000e+03
1.753900000000000000e+04
1.307200000000000000e+04
2.330000000000000000e+02
1.491000000000000000e+03
1.302100000000000000e+04
3.966000000000000000e+03
1.688200000000000000e+04
1.574900000000000000e+04
1.269200000000000000e+04
2.933000000000000000e+03
2.795000000000000000e+03
9.829000000000000000e+03
5.940000000000000000e+02
1.370800000000000000e+04
8.664000000000000000e+03
1.523700000000000000e+04
1.761000000000000000e+04
1.219900000000000000e+04
7.650000000000000000e+02
8.700000000000000000e+02
5.348000000000000000e+03
1.988600000000000000e+04
5.107000000000000000e+03
2.197300000000000000e+04
1.969500000000000000e+04
5.740000000000000000e+03
1.716500000000000000e+04
1.351100000000000000e+04
1.135900000000000000e+04
4.093000000000000000e+03
1.847600000000000000e+04
3.248000000000000000e+03
5.834000000000000000e+03
9.671000000000000000e+03
8.191000000000000000e+03
1.873000000000000000e+04
1.550100000000000000e+04
8.100000000000000000e+01
7.455000000000000000e+03
2.204500000000000000e+04
9.547000000000000000e+03
1.361300000000000000e+04
1.966200000000000000e+04
1.455600000000000000e+04
8.957000000000000000e+03
2.216400000000000000e+04
4.837000000000000000e+03
2.091000000000000000e+03
1.797100000000000000e+04
2.072500000000000000e+04
1.727600000000000000e+04
7.960000000000000000e+03
1.643500000000000000e+04
1.906000000000000000e+04
1.611200000000000000e+04
6.554000000000000000e+03
1.736000000000000000e+03
1.410100000000000000e+04
1.543000000000000000e+04
1.336000000000000000e+03
1.304000000000000000e+04
6.835000000000000000e+03
1.129000000000000000e+04
1.725300000000000000e+04
1.595700000000000000e+04
9.732000000000000000e+03
1.402000000000000000e+03
1.193800000000000000e+04
7.014000000000000000e+03
2.053500000000000000e+04
1.782500000000000000e+04
1.197000000000000000e+04
1.683400000000000000e+04
1.880900000000000000e+04
2.573000000000000000e+03
1.226800000000000000e+04
1.408300000000000000e+04
1.520700000000000000e+04
8.104000000000000000e+03
1.620900000000000000e+04
1.206700000000000000e+04
1.435600000000000000e+04
3.398000000000000000e+03
2.227700000000000000e+04
3.166000000000000000e+03
2.067000000000000000e+04
9.987000000000000000e+03
5.929000000000000000e+03
8.196000000000000000e+03
1.026900000000000000e+04
1.946800000000000000e+04
2.773000000000000000e+03
1.342700000000000000e+04
9.815000000000000000e+03
1.709900000000000000e+04
1.179300000000000000e+04
1.546100000000000000e+04
1.803500000000000000e+04
9.396000000000000000e+03
1.255000000000000000e+04
1.300000000000000000e+04
2.088200000000000000e+04
1.357600000000000000e+04
7.824000000000000000e+03
1.246000000000000000e+03
2.075200000000000000e+04
1.750600000000000000e+04
5.646000000000000000e+03
2.790000000000000000e+03
6.720000000000000000e+03
9.393000000000000000e+03
1.669000000000000000e+04
1.057600000000000000e+04
1.434900000000000000e+04
1.065700000000000000e+04
9.630000000000000000e+02
1.459100000000000000e+04
1.969000000000000000e+03
2.016400000000000000e+04
1.901500000000000000e+04
1.960900000000000000e+04
1.720000000000000000e+02
9.613000000000000000e+03
1.467000000000000000e+04
6.318000000000000000e+03
2.034400000000000000e+04
1.864300000000000000e+04
1.832700000000000000e+04
1.647900000000000000e+04
1.375900000000000000e+04
4.203000000000000000e+03
1.840000000000000000e+04
2.032400000000000000e+04
6.840000000000000000e+02
3.291000000000000000e+03
7.013000000000000000e+03
7.340000000000000000e+02
1.337700000000000000e+04
5.036000000000000000e+03
1.233500000000000000e+04
1.773200000000000000e+04
1.529400000000000000e+04
1.762400000000000000e+04
1.767800000000000000e+04
5.076000000000000000e+03
2.163500000000000000e+04
1.960400000000000000e+04
1.594600000000000000e+04
6.080000000000000000e+03
2.145000000000000000e+04
6.410000000000000000e+03
1.148300000000000000e+04
1.309000000000000000e+03
8.370000000000000000e+03
2.021900000000000000e+04
9.264000000000000000e+03
1.609900000000000000e+04
1.365000000000000000e+04
8.187000000000000000e+03
5.085000000000000000e+03
6.833000000000000000e+03
2.013100000000000000e+04
1.151600000000000000e+04
5.160000000000000000e+02
1.856000000000000000e+03
7.767000000000000000e+03
1.775700000000000000e+04
8.061000000000000000e+03
3.038000000000000000e+03
4.430000000000000000e+03
1.923400000000000000e+04
1.236000000000000000e+04
1.225000000000000000e+03
1.896800000000000000e+04
