1.573435945028072958e+01 -2.729511485142903382e+01 5.675992298725503815e+00
8.490383991879056680e+00 3.622879755745477581e+01 2.733741818382620092e+00
2.252151638145041446e+01 5.100832398446901728e+00 6.862096484494337290e+00
1.286620781140810088e+01 -3.241600350996741042e+01 3.863757568467953263e+00
-2.242304549972265093e+01 -5.391514802413803487e-02 3.730191441070973113e+00
-1.941966731896593856e+01 -3.093807246225818020e+01 -5.129306546193393324e+00
-5.574069526488277582e+00 1.590653907243891219e+01 -1.755019645622512314e+01
1.675033590997317390e+01 3.201078480449014663e+00 1.220217211111905087e+01
1.820451367691948263e+01 -1.856351261618901560e+01 -4.060583728862221520e+00
4.885962193109053331e+00 -3.441111569504192147e+01 -1.096339336089766547e+01
2.571236627027367661e+00 1.801953052834839397e+01 5.127954775049206049e+00
-3.104353157127655649e+01 -2.045844939198196144e+01 9.951652082402459243e+00
-2.061965853342915977e+01 5.835221279901092295e+00 -1.517615406644737597e+01
-6.435706099260203317e-01 -1.106176243208017418e+01 1.897582679449113296e+00
1.809116562002621009e+01 -5.687392499713703309e+00 -1.397345070271602152e+00
1.151574142849664639e+01 2.735758067722527542e+01 1.106381809428463114e+01
2.789219062102538782e+00 2.768259150433048177e+01 -1.386069711328646825e+01
1.804516788075142841e+01 -2.259364476434821256e+01 1.516730244523485149e+00
-1.165515878669832084e+01 1.380163708853901205e+01 2.873391381616282825e+00
-2.921520941833131957e+01 -5.751751841671408627e+00 -6.091028791583342539e+00
-8.922818898888193573e+00 4.384366506138400732e-01 7.361235597394871100e+00
1.927469380768593155e+01 1.964268727624991229e+01 1.991707450420109771e+00
-8.290279010939999083e+00 -3.448041446168327440e+01 -9.316825390677799135e+00
-1.557405162789294550e+01 -1.375897481164217417e+01 4.675824688239226923e+00
-5.125335646372224829e+00 1.868917935799273877e+01 -8.143899596657563578e+00
5.557899012911172498e+00 2.910086373531862503e+00 2.683648708273977057e+00
-2.273402908042540638e+00 -2.273847320375872627e+01 -3.784863014621808741e+00
-1.273586671670514825e+01 1.042045364136465402e+01 -1.660848437424111879e+01
1.276802903614573381e+01 -1.260136644121390148e+01 8.425897640170029845e+00
9.415147157154018842e+00 -1.382486273105067731e+01 -2.355802463207691932e+00
-1.273198010065279817e+01 1.292427953159998566e+01 -7.066032284397826935e+00
1.320754764132323844e+00 2.816606737405200178e+01 -1.776611051142370501e+00
-2.772554188804357622e+01 -2.581584598654849572e+01 2.302262002981375844e+00
-2.890096750024851957e+01 -9.402016622021177383e+00 4.646577626996140964e+00
-2.056274038673231530e+01 -7.542416898514257895e+00 9.512907579760801369e+00
1.125936992470641940e+01 1.260861201692186206e+01 1.327269478852703699e+01
1.341730841421166076e+01 -3.148934196624417936e+01 -2.558104310256961611e+00
1.467733959016156753e+01 2.777587793609490063e+01 1.787221426843115024e+00
7.269498199587799192e+00 3.648034465109640934e+01 -1.096700845271670888e+00
-1.564588335050330059e+01 6.840034553425617503e+00 5.983338809254799884e+00
2.126783448989219849e+01 -1.265201440326532278e+01 3.042276213336899904e+00
-2.628101446650779494e+01 1.535988840483785367e+00 -1.154386508915421850e+01
-2.248173239426236591e+00 5.216253954583186747e+00 5.935728295649568054e+00
-2.034315447790973508e+01 6.675562269627318024e+00 -3.823968887152431329e+00
1.250154965786055072e+01 -3.775676128543611565e+00 9.258201331317607696e+00
9.497639961812398113e+00 1.646268175210386886e+01 2.094130132296121438e+00
8.731262618833985911e+00 3.502017170102723753e+01 1.053779077453883772e+01
-5.225634718122244005e-01 2.377377630753608173e+01 -6.583503941364288181e+00
6.417370670762536200e+00 -2.079690185177383199e+01 -5.702390735945680689e+00
-8.577760583716239395e+00 -8.107618895102630674e+00 5.083603999640236459e+00
-4.528261275825622989e-01 2.096937156138083580e+01 -1.618527692631481329e+01
6.097146371828229938e+00 2.276357169703137373e+01 4.299356705196362149e+00
-2.444351321284480960e+01 -1.472074972992703401e+01 8.230134566997982404e+00
-1.314031008120998756e+01 -2.251594507758582608e+01 -1.513434802176495841e+00
1.484809287446276116e+01 7.134988136649100809e+00 -2.441924365877216063e-01
3.881350928696993385e+00 3.437524657365938197e+01 -9.039563402803853620e+00
-5.730273193774906737e+00 2.063183718488637552e+01 2.581622502932204632e+00
2.733604313628946070e+00 1.000200468662380970e+01 4.167147850937181097e+00
5.893974658837811909e+00 -5.637228200785471266e+00 1.618703978012528744e+00
1.545515588522606798e+01 -1.140763406096594856e+01 -2.928969760328322902e+00
2.373055207685649037e+01 9.259119278278120646e+00 1.160708920769446539e+00
-5.800144706300511821e+00 -1.724465735540845301e+01 8.571951661034220571e-01
-3.340287791978866494e+01 -1.389083092830064103e+01 7.142513913494807909e+00
9.983211584649255954e+00 -2.926349445034682972e+01 -8.786544176541720930e+00
2.032347695786472030e+01 -2.460355203196102014e+00 5.643342609209232918e+00
-9.006678738120262651e+00 1.380831752146155544e+01 -1.278689106202710057e+01
1.629297305530906570e+01 -1.919987190587236725e+01 8.106082374461013984e+00
-1.403200424846817107e+01 -5.772966915777338670e+00 8.393834046018879391e+00
3.094567367200236507e+00 -1.544521943056590274e+01 -1.088001661095556072e+00
-2.936873191044736942e+01 -2.339067237322813853e+01 6.289548206181882151e+00
1.679782581250969287e+01 -2.627673648850061028e+01 -3.760495091369527199e+00
-7.103609061837309113e+00 -2.795130028783565024e+01 -5.372007728463367826e+00
1.040652680062504842e+01 2.019602534680917927e+01 1.258258774798851398e+01
1.197031717825071340e+01 -1.806994326133981943e+01 -5.725668715482475690e+00
-1.747292416417600691e+00 -3.002036777743949614e+00 4.313623547513914858e+00
-9.335032236751857226e+00 1.699492325382959024e+01 -3.743652817458505755e+00
-3.150697939410881609e+00 2.384952858259892139e+01 -1.064140549330675478e+00
2.374722729814807565e+01 1.698664643550354070e+00 5.006881474848855207e-02
-2.173131215206721123e+01 -1.988445109372574393e+01 2.159935428605109564e+00
1.910519813093273900e+00 -2.690652810500708370e+01 -8.136483874074283307e+00
-2.547230682523976242e+01 -4.663894032044749949e+00 3.299822718128454735e+00
1.940838231245209755e+01 1.375293856631872735e+01 8.949967509094328477e+00
1.216903561554383906e+01 -3.930441829937230680e-01 3.312121567703484315e-01
-1.613117376063728869e+01 9.505493081139338329e+00 -1.117662030554832420e+01
-3.082178633710999804e+01 -1.042358725995448232e+01 -1.219349183777115764e+00
8.480149863047232728e+00 2.871246757848324194e+01 3.651422795990827197e+00
-1.314975778420344277e+01 -3.347811714602975997e+01 -8.075735995219337937e+00
1.735099280493631824e+01 2.512933636062467002e+01 7.817912212023931495e+00
1.474529374228927203e+01 3.118861340509813473e+01 7.567039670081177505e+00
-5.290840897956087474e+00 1.274863077254818933e+01 6.616646370982167902e+00
-2.399865282370309671e+01 -2.833883495834715305e+01 -2.235519193036946906e+00
1.304501097918615926e+01 2.169331054010470083e+01 1.253918980630195801e+00
9.262223696022543251e+00 9.645104593256180081e+00 1.906298593777877803e+00
-2.069142210750992916e+01 6.041144098604484647e+00 -9.483727010502603250e+00
1.815484469227910225e+01 1.270789597228800005e+01 -2.800682667922281821e-01
-1.003211544499376728e+01 -1.382899432341518775e+01 3.667860271854776144e+00
-1.572566440779624486e+00 -3.263443787091570414e+01 -1.007823310575766129e+01
-1.869969547078011729e+01 2.355350452349687540e+00 6.641848844527411977e+00
-2.541221614815417595e+01 8.284451624356994337e-01 -3.394790891241314501e+00
-3.817250647534371932e+00 1.831623009666872548e+01 -1.308363965929567563e+01
1.147047574120332136e+01 -7.817122526481131040e+00 -2.028343457493051172e-01
-1.672385122708487515e+01 1.015929247899513399e+01 2.504148600692343574e-01
-1.751390231391861008e+01 -2.612070192938895730e+01 -2.648431788099586015e+00
-2.807934489979071202e+01 -1.924877496240462449e+00 -8.684864001981928538e+00
2.324977388501211095e+01 -4.416272247347801994e+00 -6.568582587201943213e-01
-2.635008492081494680e+01 -6.229036797972902662e+00 8.364326846198684606e+00
-1.679685294997231182e+01 8.000602820497551448e+00 -1.665726866902726400e+01
-1.464373952456606354e+01 -1.895619457628264115e+01 1.511885896357976877e+00
3.782488988350245052e+00 2.808355524536267112e+01 -7.256068478952488299e+00
-7.418338172430874344e+00 -2.197371281641423124e+01 -2.060880156740548586e+00
4.792750535698030667e+00 -1.077294663059006652e+01 3.003909169292059977e-01
-9.124636550995496975e+00 7.245706014083700630e+00 7.961282167033287394e+00
1.378590265102504553e+01 8.467589824284472044e+00 1.363700859276194777e+01
2.059174514526159783e+01 -7.641395157715887620e+00 4.929185078708173684e+00
2.333199607470675829e+01 1.425364734730903216e+01 4.328190567570446845e+00
1.799402752855865018e+01 7.753255029086638661e-01 -1.491671412608804204e+00
1.233692436813561777e+00 2.567886246089404878e+01 3.815134339640528172e+00
1.195247336106936231e+01 -2.375927699565579232e+01 -7.422179813136249749e+00
-1.666310749254513013e+01 9.928109099059795994e+00 -6.109267710310463784e+00
1.284377894021534239e+01 3.309760361862335998e+01 3.225416809058770706e+00
-2.587557891584373593e+01 -1.939452987601496403e+01 5.964737661850372241e+00
-2.002120467733553610e+01 -1.259389217871779820e+01 6.884949344042480490e+00
-3.198667315430247271e+01 -1.251813287915748951e+01 2.834180050664577788e+00
-1.000432853827040836e+00 -1.834925842740923940e+01 -1.199388162703847405e+00
1.488049487957141359e+01 1.692605416665055174e+01 6.678484654829698330e-01
-2.005556421680050860e+01 5.503673763946519415e+00 1.996217592961783138e+00
-2.142876838056088928e+01 -1.817829684117481914e+00 8.627126607522381363e+00
-8.870986451689310215e+00 1.708039124654885299e+01 2.487220305815555310e+00
-1.228011855473811131e+01 -2.893542194372006904e+01 -5.507390976087484624e+00
2.181803310757236147e+01 -9.990952811923063948e+00 -1.683453298925331465e+00
6.057304858386991953e+00 3.222327855419524667e+01 -4.023221187179999880e+00
-9.192883015018594506e+00 1.294879605870544559e+01 -1.771099183199606841e+01
-2.659364065858572435e+00 -2.825487678012932591e+01 -7.195901958774174823e+00
4.082535642411893484e+00 3.118421450269293516e+01 4.470244137245473759e-01
1.447959091754492178e+01 -2.924050586754394132e+01 7.286167371057675979e+00
1.937671649009098473e+01 1.981482901575500577e+01 7.919935554941035072e+00
1.498416525363913188e+01 1.664103047316572415e+01 1.079354142025616525e+01
-2.780549682680927859e+01 -4.837554743175897620e+00 -1.267845101736119195e+00
1.725365799836671599e+01 7.097416674422061256e-01 8.265213430866515054e+00
-1.404183252588191877e+01 1.317380467597203619e+01 -2.109599995815433005e+00
1.757664963323894369e+01 -1.381724602923503831e+01 6.637104278239995381e+00
9.715664286243436365e+00 -3.297060252604993735e+01 -7.674682995923501672e+00
-3.012559646950770187e+01 -1.097296549621448669e+01 9.194023684371019911e+00
1.525039421412861884e+01 -2.879090324999793893e+01 1.099391462315107981e+00
-8.633849861207710807e-01 2.193075965970382413e+01 -1.095948062242810117e+01
-3.822802150812282918e+00 -7.394516229072531921e+00 3.690777333896134049e+00
3.628230018269373414e+00 3.157081576062980943e+01 -1.173438328092900029e+01
1.197454779754653664e+01 -8.249676560939661840e+00 8.719256243949015328e+00
1.638119878178114774e+01 -6.191968365324385104e+00 7.306873144372231010e+00
-2.869783800469296153e+01 -1.610432390774447597e+01 1.050228956790040691e+01
1.737404006406390167e+01 -2.333371294705888133e+01 6.869762745625539679e+00
-6.228713452191345645e-01 1.297758547889828940e+01 5.404843415612092805e+00
-6.567745671656930462e+00 -3.241354446194196548e+00 5.469059073052388698e+00
-8.423180247141550225e+00 1.524300032193390386e+01 -8.908865868017022294e+00
-2.362752082562397860e+01 3.522063806857690160e+00 -7.168620939745924403e+00
-1.523369388790012202e+01 -9.865653074008125856e+00 7.178901706802579774e+00
2.128350286877188857e+00 -5.267378757387198851e-01 3.864108553095941367e+00
-4.948727116681355120e+00 2.098013964386209906e+01 -4.102516584563796975e+00
7.577163255489030025e-01 -7.092903735751439065e+00 2.522349123560451822e+00
1.353808294076260132e+01 9.874898411891468442e-01 1.055730673410965004e+01
5.849437347497552508e+00 1.341837567504710549e+01 3.263983111836253226e+00
1.805791178859277579e+01 9.359575308048817988e+00 1.109657127022018486e+01
9.981036655254930778e+00 3.933662209067946947e+00 1.234199943902823948e+00
-1.485119713811520548e+01 -8.647153978814468012e-01 9.191306195199699047e+00
7.789249253471028034e+00 -1.377615451343570330e+00 1.621980112011908171e+00
-2.365974935919386013e+01 3.927018964438522275e+00 -1.347756808437371845e+01
-2.592144138666679698e+00 1.757042001304758116e+01 5.767621581984840873e+00
-3.311826053712123041e+01 -1.723822514310909781e+01 1.145777345390665047e+01
-3.736481513828006307e+00 1.102592751519676950e+00 5.966401913622586761e+00
-5.175558788266315879e+00 -1.309094448153923196e+01 2.510797121170559087e+00
7.174121428307362436e+00 -2.502730339597629339e+01 -8.316629064603507260e+00
-1.001921289472572596e+01 -1.918462249903826589e+01 7.410553654098076537e-01
4.495408369476550980e+00 3.655926438424797453e+01 -4.995094588531605595e+00
-2.278895806609582309e+01 -2.414507596331570838e+01 -1.161108903052506941e-01
2.014541509653771811e+01 5.513318368674620551e+00 -1.258009104168092751e+00
-1.206102210118880258e+01 1.028704819135968407e+01 6.286105739442951368e+00
1.962128223359001922e+01 -1.788503578337563482e+01 4.434671878052258265e+00
-1.848895096910688807e+01 -2.237640094146430414e+01 -2.625815199769908626e-01
9.649852283482069026e+00 2.420216314993307805e+01 1.219588345811009056e+01
2.104676011172418981e+01 -1.504215469373119873e+01 -9.378047396224136190e-01
2.760720194350924750e+00 -2.296454286933089861e+01 -5.928062361685236148e+00
1.505361398680520324e+01 2.200580537115615343e+01 1.045588427279916388e+01
-2.483417924347545735e+01 -1.042239247725236062e+01 1.035407973391841630e+01
-1.272353526143986535e+01 3.538383940546229400e+00 8.503337139926806287e+00
2.367025136594212498e+01 9.787568935758367061e+00 6.710582209226493511e+00
6.478595195542737883e+00 -1.704323954812801745e+01 -3.284134850786423865e+00
1.763366301026105631e+01 2.428920650927789637e+01 2.281715715487153240e+00
-1.842424069333503223e+00 2.244763404082016578e+01 4.369787906847520276e+00
-1.971451990931761600e+01 -1.648224498459543597e+01 3.713290108043886040e+00
1.090689723600254268e+01 3.138823957441092816e+01 1.110107915608934093e+01
1.348924796657582625e+01 1.208238259722219077e+01 3.998742391286296827e-01
2.059920788766135047e+01 4.595666400234004634e+00 9.920191268344735747e+00
-3.635198034329352623e+00 9.618858270229962315e+00 6.547957839309507477e+00
2.460658809287165738e+01 5.325329213419546903e+00 2.816450888996291368e+00
9.977645548314244550e+00 2.441476035216120621e+01 2.840246589107616959e+00
1.441229213149432420e+00 2.413182609105149723e+01 -1.516155656619028669e+01
1.838849554445631362e+00 4.399540275811671286e+00 4.127467008225274014e+00
-2.308185282375093905e+01 3.395721029174215477e+00 -9.238896425151664760e-01
1.060915891672442335e+01 1.638418617981414727e+01 1.292897221818666509e+01
-5.562155173052603985e+00 -3.112648408223952856e+01 -7.846674850588762240e+00
1.210662167575841686e+01 3.511096710376513386e+01 7.206293308536285913e+00
-4.389418807834165825e+00 -3.505598122147174678e+01 -1.025679894253432423e+01
1.435141782816093325e+01 -1.605941011406376262e+01 8.365227196785200547e+00
-1.050365673227914520e+01 -2.520173724445636765e+01 -3.663163542421470797e+00
5.248746956399137353e+00 -2.920206724809077414e+01 -9.876176432233156888e+00
-1.636867300725474905e+01 -3.222053770959885100e+01 -6.971644592979270527e+00
-2.530706822228140851e+01 -1.524650718620436773e+00 3.633189985780986286e-01
-2.542171530869326190e+01 -2.244230172257217504e+01 2.838959729520412978e+00
2.099611391377402825e+01 1.605765325033999957e+01 1.499609756056522247e+00
2.308355338183109851e+01 1.268559146819212557e-01 3.685467711616000841e+00
-6.246609895708738591e+00 4.358203802938226623e+00 7.356887889224642763e+00
-1.056284593263552551e+01 -3.804219710814936928e+00 7.062544185488360604e+00
-1.264046814230044014e+01 1.168754642603468064e+01 -1.183216064961769121e+01
1.359028105444651935e+01 -1.461827962587723029e+01 -4.596209346607599500e+00
1.775878635864075861e+01 -2.248487686641777827e+01 -4.224349777695570296e+00
1.346299966788173563e+01 -4.191077792099709320e+00 -3.942567018777709542e-01
2.137409013450627526e+01 1.684570959136256008e+01 6.758547028502124299e+00
1.538758870129511180e+01 1.247230118138698174e+01 1.113019377503000484e+01
-1.812286370874150876e+01 -4.262208088082553026e+00 9.936642500437461223e+00
1.403127630031745454e+01 -2.860062495692118034e+01 -6.052986878002434068e+00
2.089123859383618509e+01 -1.580938723212979902e+00 -1.515720274108930399e+00
7.999677956218083530e+00 3.636539850025743448e+01 6.946775573284856620e+00
8.323514842634871513e-01 -3.512707636925803456e+01 -1.070332010447968685e+01
2.680598550043034045e+00 -1.950048941860453411e+01 -3.612993274665249110e+00
6.344649931285307964e+00 6.701504311320152674e+00 2.678934455262348635e+00
-1.509498949784963528e+01 1.009193657728569882e+01 3.577327923790469377e+00
-2.765942286470076450e+00 1.833816042646676792e+01 -1.696836641184017225e+01
-8.473945172775330548e+00 1.122241246407405413e+01 6.892648868540534934e+00
1.677866881054317005e+01 2.809177967970524392e+01 5.536691825093154939e+00
-3.003038972311855304e+01 -8.166813031268576495e+00 -3.728278251980009728e+00
-2.618648499956614373e+01 -2.709453636438232849e+01 -1.388890628095629243e-01
-2.175278922856615438e+01 -2.933260649779063201e+01 -3.411308501270368776e+00
7.370530415095817744e+00 1.963400623633830477e+01 3.314248158760323637e+00
1.993536740945635799e+01 2.135732479323830191e+01 4.977433772919621191e+00
1.461635491578362789e+01 2.912515732947135394e+00 -5.497131725292323523e-01
-9.565780276117187286e-01 -1.504573007140559859e+01 8.281871049586605471e-01
-2.743357780221667852e+01 -2.579266120893300318e+00 -4.337187354254119498e+00
2.195859363104009088e+00 2.559850843696737144e+01 -1.000193611872816746e+01
-2.790908127095972802e+01 -7.414949616735730942e+00 1.475623491253227115e+00
2.283687836592107701e+01 -7.742960421397182103e+00 2.118295747604934220e+00
1.960520202688666558e+01 9.404084654820897171e+00 -8.918813172234000275e-01
-4.815834748837875878e+00 -2.519120584798197271e+01 -4.352026921738933574e+00
1.140728611411502724e+00 2.626121353175198081e+01 -4.596491456667178177e+00
-2.461307789757442421e+01 -3.720788062617615299e+00 6.949513927784053635e+00
7.349647595641251918e+00 3.239259254703111424e+01 3.267116995277099978e+00
1.844231974483060199e+00 -3.076116130202237642e+01 -9.828816608176476066e+00
1.461711956422550074e+01 2.654541031543367779e+01 9.662017293808073504e+00
-7.444775686060682851e+00 1.970217754346574068e+01 -1.385866414968269344e+00
9.848302573600964394e-01 2.798481704506699685e+01 1.460520812681150193e+00
-1.213902838921960203e+01 -1.059825354868293701e+01 5.721818409476775003e+00
-9.506065272671987643e+00 -3.105793834429881883e+01 -6.983097111697481374e+00
2.322834892153529296e+01 5.453843231444093220e+00 -2.274131764313940818e-01
7.703290437313962791e+00 -8.462450473036831511e+00 3.157412095609105074e-01
1.162818194703782382e+01 -3.250491558556519323e+01 -5.230241111564678747e+00
1.503356779446628266e+00 -3.976195362050843229e+00 3.184488451800169262e+00
2.086794173029342048e+01 1.006801017551216404e+01 9.200513548235866423e+00
5.225489883201172248e+00 3.133704935113613388e+01 -7.670259254316781572e+00
-1.467047701731972964e+01 -2.695532469862310876e+01 -4.117099173386293387e+00
-3.377817476718446699e+01 -1.487777574106071654e+01 9.524992621562713424e+00
-5.825006758100691684e+00 1.743143472128539884e+01 5.196975927168714371e+00
4.150708008119696757e+00 2.902391963536640063e+01 3.257278077540855854e+00
-2.777354398656476064e+01 -1.876699930670327987e+01 8.537294751244989044e+00
1.907430138060403024e+01 -1.269811456810021433e+01 -3.465179971114302759e+00
2.468199136480109956e+01 8.325969947018602824e+00 4.018369564942012140e+00
-1.242757038092181077e+01 -1.625844300565732681e+01 2.770273952381046456e+00
1.465854157120910095e+01 3.084632149931198342e+01 3.489349694594418239e+00
1.607026704035698117e+01 -9.461324612874049578e+00 7.309306535771447066e+00
-1.805154830468224958e+01 7.974341146722204066e+00 1.746480731168158274e+00
-1.082324306445723039e+01 1.626772159942601803e+01 -4.655979408438492562e-01
-2.342101152511781592e+01 -1.672385943458384006e+01 5.614929724455176796e+00
2.240761447218619296e+01 1.280243575123972732e+01 9.439180763004346719e-01
2.308531408799270679e+01 -4.145532847668175869e+00 2.884134973961135717e+00
-4.001293335670038864e+00 -2.021154788153288351e+01 -1.599121636788597423e+00
1.814530038021415592e+01 2.932295316466686952e+00 1.255773313605353891e+01
1.546610658631998092e+01 -8.247418014761965566e+00 -1.564757455867455960e+00
1.621397735730122491e+01 -2.365508549379748082e+00 -1.363358894972438229e+00
-2.359297560781106640e+01 -5.667341933902567241e+00 1.007137726129006339e+01
1.432121259654626932e+01 -2.128049703462702169e+01 -6.409509306534138418e+00
1.034448056306222519e+01 3.592833526954981949e+01 2.571935190245067560e+00
2.127993041493712489e+00 2.138383263928303180e+01 5.169618037857616422e+00
1.001408654834592760e+01 -4.227044064231406217e+00 9.456834537482828873e-01
6.928856780803278603e+00 3.416097754136971787e+01 -4.074053827512138071e+00
-8.280253135257495956e+00 1.481042871099968750e+01 5.350828813703555120e+00
-1.928321234837217801e+01 3.906238407982784988e+00 4.417168040238560245e+00
-1.421475308203098642e+00 2.551018345835810663e+01 1.665524755346019958e+00
1.148803172734874245e+01 3.401334799460617830e+01 9.757563114200102916e+00
-2.609426687558566016e+01 7.433116162166693019e-01 -7.067470616996878618e+00
-2.687572018657683870e+01 -1.330824615558864998e+01 1.048320445007224855e+01
7.844360170974197466e+00 -3.328038597176940527e+01 -9.670514777015171148e+00
7.022087313439643319e-01 7.972981295147984149e+00 4.673087868767357378e+00
-1.614677851845666012e+01 3.088648906936998451e+00 8.263922713574709533e+00
3.820767818214138689e+00 2.957827980750964159e+01 -3.707628086117246369e+00
2.275635228535751509e+01 -7.381306090831391664e+00 -9.943112500289331690e-01
1.138218487980852700e+01 7.439546202941182074e+00 9.616816704774316937e-01
1.584784623063741726e+01 6.101224237022574215e+00 1.342032386308297731e+01
1.553240346772118663e+01 -3.077036859155974913e+00 8.061779643615862412e+00
1.778735130031378375e+01 1.710663274061777273e+01 9.497130524554439290e+00
1.208671237515634367e+01 1.032357696808984393e+01 1.361117127179781860e+01
2.140516485906240618e+01 1.795112265241429839e+01 3.816669197160620364e+00
2.232339799590000240e+01 1.299947061091355671e+01 7.091343194477474299e+00
-2.037546755303405988e+01 -2.602266040920016366e+01 -1.754759667240729737e+00
-2.736233266180972956e-01 -2.493771326958843915e+01 -6.085269096226618935e+00
-1.711675802379824773e+01 -7.837963550208089103e+00 8.679543025522706401e+00
-1.795428237536572880e+01 -1.864627933336552346e+01 1.784079324699247238e+00
1.044025398166222196e+01 1.330631205286101171e+01 1.579550860693326175e+00
1.991764040645831102e+01 -1.903619360533074456e+01 7.370909991328704162e-03
-2.961321049081265255e-01 1.498862642468193229e+00 4.987905526997673533e+00
-2.765362619435478209e+01 -8.718212979403219265e+00 9.758215116979894077e+00
-1.260740246377510054e+01 7.079989146701286096e+00 7.642125355674473930e+00
-3.085567165295893588e+01 -1.294558770795351776e+01 1.038571919148138178e+01
2.430049781497898209e+01 1.112776344258275962e+01 3.959073475292131494e+00
1.408010581648066761e+01 -3.050071670847525240e+01 -4.379569790867502199e+00
4.115900827735863743e+00 3.575244813738631677e+01 -6.945281637064872449e+00
1.092336313594917563e+01 1.928675178650666311e+01 1.820518571892235427e+00
-1.843428056483777411e+01 -4.340339695297336653e-01 9.138961301433910833e+00
2.820286555215119062e+00 1.309071512045129815e+01 4.385599058219992408e+00
-2.253994772225435739e+01 4.511689819181067485e+00 -3.987570263623745781e+00
-1.789113397314729070e+01 9.266985345972031496e+00 -2.917597108106925852e+00
1.183368199638445617e+01 -1.118470845984322359e+01 -1.714851323497771585e+00
1.795686459188603123e+01 2.587361994338730753e+01 4.523986300696475560e+00
1.480957782701564796e+01 -2.514332889827727868e+01 -6.312044896719706699e+00
-3.237574950409894115e+01 -1.877112687277112713e+01 1.127855855824116738e+01
-6.797596727171533182e+00 -1.079361540518492468e+01 3.779204840986208236e+00
-6.587954676520977770e+00 1.572057153883706881e+01 -1.389492258739250374e+01
-2.646525138784430631e+00 2.124287025609513435e+01 -8.020791704707244563e+00
-1.857151527649447331e+01 7.725374108767663728e+00 -1.069942394094638871e+01
1.630135698859288951e+01 2.089331672543671203e+01 1.154924501893401789e+00
1.790561344648920183e+01 1.634128323746341493e+01 4.804410828481010531e-01
-2.268844561151055572e+01 -1.175319891096898672e+01 8.815579103770570413e+00
1.158453552687096710e+01 2.878816249227885748e+01 2.914921985873757393e+00
-1.078031251605747265e+01 -3.419285470344674138e+01 -8.706851472757886512e+00
1.940247500751646115e+01 -1.101917484460770957e+01 5.621597991409801764e+00
1.813233565946856629e+01 2.257988226891908923e+01 8.237155029765766301e+00
7.254663639131405439e+00 -3.097605792057661134e+01 -1.018886551707095300e+01
2.208459203002174931e+01 7.374028903909132460e+00 9.030328654314180525e+00
1.610573410737295319e+01 1.022542716687135922e+01 -3.386644084124800225e-01
-2.838828193631361430e+01 -8.498179616682357107e+00 6.470223616084690654e+00
5.048895712527206925e+00 3.693163622640422972e+01 -3.364711101151794725e+00
1.540584633972830808e+01 2.567573687213027256e+00 1.139030175719159743e+01
-1.546233885416049425e+01 -2.953327693825615441e+01 -5.563840281028704204e+00
1.018813009638769707e+01 -2.036535944177950341e+01 -6.409861667526107532e+00
3.460064635758526741e+00 -8.394154311374178334e+00 1.484632025983863013e+00
-1.216690391134720883e+00 1.605115575402603056e+01 5.725907421587011825e+00
-1.782799310942905890e+00 -3.527387800603468548e+01 -1.052398721479019983e+01
1.823046445178314201e+01 -1.908343499122270970e+01 6.286218706210842555e+00
1.234415400436544630e+01 2.100961979185510842e+01 1.163113647227364567e+01
2.231886037106708542e+01 -1.064100789329048702e+01 -2.164916907979907990e-01
5.014325269114123351e+00 -2.562307654088565201e+00 2.583476951744492656e+00
2.342678769580784603e+01 -1.043543397079375712e+00 -3.207669389207618571e-01
-1.161697723189825027e+01 -2.076872050772267286e+01 -2.571138193610414957e-01
1.478964326029693588e+01 2.446193002679039097e+01 1.221476358050971545e+00
1.335434048038863608e+01 3.409163623672630195e+01 5.425364943420423636e+00
-2.058659537394507311e+01 6.235448525382302876e+00 -1.170281789919280335e+00
-1.573279102589965639e+01 -2.325366548881169493e+01 -1.398607701851679597e+00
3.765120089526501790e+00 2.847502949042987197e+01 -1.057635884006831084e+01
2.079957783152270778e+01 -1.611032355018306816e+01 2.094669723705839814e+00
1.796279070021297031e+01 3.717541717208133534e+00 -1.298075477019250190e+00
1.878024758538140304e+01 6.529098050817298216e+00 1.200187167836859281e+01
1.073786022166248344e+01 3.626764056239112932e+01 5.896477635657978666e+00
-6.415182102535251119e+00 7.803867201680974475e+00 7.517557601508027432e+00
-1.397012326350363942e+01 1.256795260719129104e+01 1.202712832075643501e+00
-2.074626299398969920e+01 -4.807447661212496115e+00 1.013037575413006586e+01
1.905888234775354562e+01 -8.494927239921180373e+00 -1.981558204264296297e+00
8.141719047021121369e+00 3.588617291212830906e+01 8.826550171467165029e+00
-1.175755932327530395e+01 1.471745661752598977e+01 -4.433802249168882881e+00
-1.108084415825284985e+01 -6.529652489298591878e-01 7.952501956971067543e+00
4.716103418743577080e+00 -2.636642259436786517e+01 -8.585909166889594601e+00
1.458839067232482023e+01 2.887450753825358873e+01 8.994231440312210779e+00
-8.819884913709906016e+00 -1.670188182077148298e+01 1.943854989171723613e+00
1.715622311782511034e+01 -1.527159605476813020e+01 -4.495289004897355944e+00
-2.282475480420929870e+01 2.198068969205606571e+00 1.402006228819648204e+00
3.628995857130091096e+00 -1.305393065000056652e+01 -1.904847122461214570e-01
4.541681830569396006e+00 2.575993422743309225e+01 4.144614062057710768e+00
1.375329312356653055e+01 -3.118172497194460391e+01 3.221336606541554404e-01
-2.511777420133381966e+01 -8.335305435800535179e+00 1.050874949291854676e+01
-3.873507788944902330e+00 2.001138654162075170e+01 4.690274936388535210e+00
1.992592418614568217e+01 -1.506704651341111578e+01 4.757756334220329286e+00
-3.141081476059035893e+01 -1.189222593927144622e+01 6.755730452733168079e+00
-2.820507775786890292e+01 -1.124498008161819129e+01 1.069189563781793773e+01
1.984782776236779966e+01 2.391931695269725822e+00 7.321373111293095093e+00
2.087399391917999836e+01 2.200730779611705934e+00 -1.308776161695599738e+00
-1.094970310982784589e+01 1.155283343065394774e+01 -1.739491837247730288e+01
3.330208715512979811e+00 2.961032017952576112e+01 -1.285181248129171649e+01
1.227928658729391920e+01 -1.043169188285415316e+01 8.497994011370670009e+00
-7.308435055542505054e+00 1.714309624924432995e+01 -6.687439868944958121e+00
-1.167356281217718506e+00 2.476870428816605596e+01 -3.358755876896103221e+00
-1.963264302428577679e+01 7.205790481671580316e+00 -6.700950147112581412e+00
2.050940979250458795e+01 -1.407232813791420689e+01 -2.732803219893781499e+00
1.316488513675451699e+01 -1.351516824367679392e+00 9.672583604797750922e+00
2.162854027527998824e+01 9.377850688390974909e+00 -4.895016635587007836e-01
1.095118094848496781e+01 -2.594628635826599350e+01 -8.095544002633896952e+00
1.286992302303386637e+01 1.476167902629508610e+01 1.193114018122029663e+01
-3.016082057037489150e+01 -2.201165810018120794e+01 8.174230849023825130e+00
2.183289751980397764e+00 2.588322977656700630e+01 -1.458787045952665196e+01
-2.465027951014118202e+01 3.203340353253743000e+00 -1.273137379498400712e+01
-1.675156479913609786e+01 -1.555970294769074336e+01 3.592851069328150793e+00
-4.560250049071526313e+00 2.262420263452386493e+01 3.439749048881762805e-01
1.646464714945238939e+01 1.961211154090299047e+01 1.002817859926937594e+01
-2.868237107255215079e+01 -2.473344040889236339e+01 4.311065603675648283e+00
1.210139521143477737e+01 -2.987391461959073524e+01 -7.331611263534735912e+00
8.080089770851463626e+00 3.637022411372150543e+01 4.764045025073603057e+00
-3.133398320536278803e+01 -1.148568747221826669e+01 4.875904579095228786e-01
-1.201118691136923466e+01 -7.556728158786254035e+00 6.843701614486175089e+00
1.294372766004972952e+01 2.424619655334370805e+01 1.091562169752892508e+01
-1.318901028737730741e+01 1.065477481731659637e+01 -1.415338747008036435e+01
-1.916869669982455893e+00 1.172992503443236245e+01 5.794545553018049411e+00
2.380248655443717354e+01 3.734079719247025420e-01 2.096058592617940697e+00
5.165830358466928729e+00 3.133114245383702823e+01 2.532443811475779682e+00
-1.877916862855402513e+01 6.923956933083524667e+00 -1.619540607786505859e+01
1.210796278812808779e+01 -5.987324133263212111e+00 8.965700883000575772e+00
2.111333531469658098e+01 -1.191817099161033688e+01 -2.436213720157240026e+00
1.663081814848426632e+01 2.770882239632989652e+01 3.438570184996692092e+00
-9.584828550141562431e+00 4.492882765600564099e+00 8.085535529655365039e+00
-1.169050554394863717e+00 -2.982567297928732941e+01 -8.848127179107363460e+00
1.464429696785966506e+01 1.368142471958807072e+01 2.511693918587619700e-01
-2.480857850929898234e+01 6.145823556063609860e-01 -9.085379899018400929e-01
5.849743956615337304e+00 3.344071039084941077e+01 -6.395409757234500780e+00
-2.289480555066381129e+01 -2.205087832279973981e+01 1.287208895390511643e+00
1.538121275971207602e+01 -1.757960258982879864e+01 8.248240483844583082e+00
1.358592461884071945e+01 -1.438679786244085612e+01 8.354592078285024925e+00
1.898466897900899752e+01 2.364832859232200946e+01 5.002434569844524503e+00
8.009982088235302555e+00 -1.142792357085789234e+01 -7.828788149398442364e-01
2.075782090198347163e+01 1.929193498040773136e+01 5.955804587791252658e+00
1.056567391273600265e+01 1.808437490237543699e+01 1.276433723362931261e+01
2.987317720132853349e+00 2.993542325944013527e+01 -1.465368517479382682e+00
-2.731717526574083976e+01 -1.401604966713606570e-01 -1.012492118310592204e+01
-8.585720137874851332e+00 -2.377546795433422133e+01 -3.064833458261538190e+00
1.065833988793179365e+01 -3.279993752673191665e+01 -6.448515879736421930e+00
-3.269185240848924678e+01 -1.325283617213841225e+01 5.010090596618866243e+00
-2.294991963297211868e+01 -2.891995874106317643e+01 -2.919933307799635891e+00
5.488865789396371042e+00 1.986400251611572898e+01 4.339973416931422356e+00
-5.339061662805115738e-01 1.966126749522943840e+01 5.451986476131411408e+00
-1.060233515678013738e+01 1.273570399358491123e+01 5.360632227301182162e+00
-3.190094270054047954e+01 -1.457433054383526994e+01 1.082270707652405051e+01
-2.103460595133057964e+01 -3.042034346551808488e-02 6.463127875635520603e+00
6.054662451611738661e-01 2.251084777623502831e+01 -1.575911000249143434e+01
-2.692029831286575359e+01 -6.862397987351752882e+00 4.793531224086959419e+00
7.772110115998080992e+00 -2.749474709192505983e+01 -9.302542397003175978e+00
-4.174350092387594025e+00 1.509861693169175645e+01 6.151545584681691103e+00
-3.377935557831933888e+00 -1.124218820790129847e+01 2.551949622813372898e+00
-1.452665191896445762e+01 5.164742009631170028e+00 7.810037635737385742e+00
4.509115487496574204e+00 1.282940770013953724e+01 3.739331575925761264e+00
1.066025707243894310e-02 2.230709929711379047e+01 -1.341595995704507516e+01
-2.318312109511465735e+01 -3.606832717272646427e+00 9.051536936894331475e+00
1.756537467327499158e+01 1.283454708036758340e+01 1.003057806370102689e+01
-2.856321846945357024e+01 -3.732022500583940250e+00 -7.335722608311216142e+00
8.777704961747394563e+00 -3.317139285546707583e+01 -8.741334052728854331e+00
2.344059015280741320e+01 -5.707346467758035224e+00 1.172660759336605407e+00
-2.537816074659928844e+01 -2.071438850230082096e+01 4.280860538747155886e+00
3.459745848558066772e+00 7.059820925392448210e+00 3.626514270923339556e+00
3.794871361428559631e+00 3.303955085960532756e+01 -1.045906476811132713e+01
-1.484965578237719441e+01 1.185374601986848830e+01 -4.730126567956623340e+00
1.906543602228860834e+01 -5.357234280109348212e+00 6.045957456418598497e+00
1.528956459383379674e+01 -2.920293690895481831e+01 -2.006027631030379066e+00
1.647656805259711277e+01 2.312963151025447583e+00 9.871032977550765253e+00
-2.302789059473960620e+01 4.080737660495327823e+00 -1.045202374391822708e+01
8.452471013774031761e+00 1.526336737399792920e+00 1.548252606098649675e+00
1.758669560792131392e+01 7.115134163087614816e+00 -9.759408714391843986e-01
-2.675560436592186520e+01 -1.053565511728263182e+01 1.067638812838632312e+01
-3.359873344872733725e+01 -1.579104893716873725e+01 1.079642873365397371e+01
-3.595431955455183903e+00 -1.576462337373540734e+01 1.198804410115099639e+00
-1.290458460785862194e+01 -3.117679921569279955e+01 -6.813134831147931614e+00
1.692457405286165084e+01 -2.049682420932788673e+01 7.859691311629071642e+00
5.874844636436630907e+00 -2.319415848648541001e+01 -7.094870320195398428e+00
1.221395746330609633e+01 -3.342115113896496581e+01 4.422765324976555057e+00
7.283162551562317510e+00 3.653883474162972789e+01 -9.954755148008928023e-01
1.938454824060947601e+01 3.167678052821587986e+00 8.245554968865446810e+00
2.384720482002861885e+01 7.337828437103877555e+00 6.260484022378958180e+00
1.288218686641062938e+01 3.203941250812624020e+01 9.397014208945170921e+00
2.118490334322281754e+01 4.863623194408512873e+00 8.994972454100075510e+00
1.878886609317576273e+01 2.197099170309452276e+01 2.487515703099301589e+00
1.258781173434364398e+01 2.658074014046550460e+01 2.059616421031075895e+00
9.117113333907793660e+00 3.259473904685493295e+01 1.218229811532965101e+01
-1.339382276794888860e+01 1.178322789550590244e+01 -9.551088151939421067e+00
2.205939668831296885e+01 1.372732973774110476e+01 1.116020029070478259e+00
-1.482024511949497203e+01 -1.183995849024488578e+01 5.860866343714212334e+00
1.076978871052111586e+01 3.414230460466455241e+01 1.036559642520734492e+01
-1.469840078608584300e+01 9.162950958361685494e+00 -1.686347692565640344e+01
9.577416889699950531e+00 2.970048541804267828e+01 1.200711204525867970e+01
2.429058616458700115e+01 3.750726099466750174e+00 1.146565571871719369e+00
-7.428477355208562116e+00 1.443576960675126841e+01 -1.765200279699333663e+01
1.973651040992406536e+01 1.594355687538039668e+01 8.466017864898786272e+00
-2.291548884275690057e+01 -8.344671140370097717e+00 1.013201695172967298e+01
1.536823603966088214e+01 3.071858612951055889e+01 5.573103869104994779e+00
1.126100844175149973e+01 -3.266671832604575343e+01 -5.601281872936665351e+00
1.885881240839823292e+01 -1.658664892459080065e+01 -3.789734848189279415e+00
5.295769206236341731e+00 -3.138345552172983588e+01 -1.054908429568424033e+01
-2.910799739638691364e+01 -1.386298457534465634e+01 1.086896578737099794e+01
8.546369700700765293e+00 -1.548790170408370059e+01 -3.046355178765834726e+00
-3.654508242229086434e+00 -5.474423871837045041e+00 4.136534707959396151e+00
-2.216415770140120856e+01 4.865959069533716708e+00 -1.435237872806940373e+01
-1.498113751491724699e+01 1.667696046003614541e+00 8.928365895473625358e+00
1.753321959143775643e+01 -2.442109643167655975e+01 -4.222140292591716637e+00
-3.030907722167841101e+01 -1.706529659628437656e+01 1.087043740377133538e+01
9.877149079757757022e+00 3.573122337648536018e+01 8.391360859820057527e+00
-3.043460356100964859e+01 -9.378057026549457831e+00 -2.573347690796467635e+00
1.256417447239921614e+01 -3.209342164286493215e+01 -3.901336166524897120e+00
1.466446963142563931e+01 2.949231202747819935e+01 2.556314492083882062e+00
-2.515908660693786203e+01 -2.768288124562045383e+01 -1.290982409587783986e+00
1.976560045716481584e+00 8.696624147374135916e+00 4.250439147651634997e+00
